52 0.444531 0.429167 0.0671875 0.025 0.351318
170 0.75625 0.647685 0.0364583 0.0194444 0.473389
190 0.672917 0.510185 0.0333333 0.0240741 0.525879
176 0.813281 0.561574 0.0578125 0.0305556 0.626465
191 0.839063 0.700463 0.0302083 0.0287037 0.644531
85 0.33151 0.563889 0.0671875 0.0222222 0.660156
25 0.772917 0.539352 0.0458333 0.0342593 0.713867
171 0.69375 0.277315 0.169792 0.215741 0.842773
5 0.540104 0.615741 0.0302083 0.0203704 0.847168
14 0.586458 0.644444 0.04375 0.0222222 0.852051
193 0.76901 0.530556 0.0515625 0.0333333 0.856445
50 0.826563 0.587037 0.0375 0.037037 0.869141
184 0.575 0.595833 0.0354167 0.0361111 0.882324
161 0.539583 0.634722 0.04375 0.0305556 0.908203
17 0.703125 0.0837963 0.173958 0.162037 0.925781
3 0.25599 0.17037 0.0598958 0.325926 0.969727
