124 0.359635 0.839352 0.0234375 0.0361111 0.261963
144 0.847917 0.547685 0.01875 0.0212963 0.307129
181 0.444792 0.536574 0.0625 0.0212963 0.314453
126 0.824219 0.556944 0.0203125 0.0212963 0.355957
197 0.308594 0.7 0.0796875 0.0296296 0.366699
155 0.385677 0.723148 0.0463542 0.0444444 0.397217
56 0.276042 0.843056 0.0708333 0.0694444 0.400879
83 0.404687 0.503241 0.0572917 0.0231481 0.414795
24 0.635677 0.518981 0.0171875 0.025 0.425049
107 0.767448 0.490741 0.0567708 0.0222222 0.550781
91 0.0773437 0.207407 0.103646 0.146296 0.561035
177 0.669531 0.494444 0.0515625 0.0185185 0.610352
32 0.796875 0.473611 0.0958333 0.0268519 0.693848
152 0.377344 0.543981 0.0276042 0.0194444 0.702148
1 0.244271 0.98287 0.040625 0.025 0.714355
48 0.644792 0.610648 0.0375 0.0231481 0.714844
104 0.70651 0.811111 0.0661458 0.103704 0.725586
147 0.628125 0.504167 0.08125 0.0212963 0.745117
110 0.611979 0.678241 0.0302083 0.0583333 0.77832
46 0.761979 0.603704 0.028125 0.0259259 0.780762
39 0.809375 0.604167 0.0291667 0.0361111 0.78418
63 0.509635 0.806481 0.0609375 0.0277778 0.791992
194 0.491927 0.596296 0.0171875 0.0796296 0.812988
120 0.488021 0.421759 0.021875 0.0638889 0.881348
149 0.0825521 0.363426 0.0546875 0.212037 0.89209
