185 0.18125 0.915741 0.0270833 0.0314815 0.259521
166 0.734635 0.499537 0.0453125 0.0212963 0.266113
22 0.404427 0.490741 0.0619792 0.0314815 0.338379
0 0.20599 0.501389 0.0140625 0.025 0.451416
73 0.389062 0.725926 0.0197917 0.0222222 0.539551
151 0.40599 0.52037 0.0276042 0.0203704 0.540039
23 0.3625 0.487037 0.0447917 0.037037 0.579102
70 0.574219 0.179167 0.140104 0.334259 0.585938
178 0.745313 0.536111 0.0447917 0.0240741 0.635742
185 0.184635 0.925463 0.0265625 0.0305556 0.719727
156 0.301042 0.462963 0.03125 0.0537037 0.862793
