168 0.481771 0.698148 0.096875 0.0259259 0.270508
84 0.766406 0.408333 0.0286458 0.0333333 0.284424
51 0.172396 0.439352 0.040625 0.025 0.286865
2 0.251302 0.684259 0.0557292 0.0277778 0.294434
21 0.608854 0.412963 0.0385417 0.0259259 0.306152
105 0.421094 0.427315 0.0359375 0.025 0.310059
129 0.652344 0.313426 0.0401042 0.0490741 0.338623
150 0.859375 0.487037 0.0645833 0.0259259 0.367432
196 0.755208 0.975926 0.0333333 0.0277778 0.385742
2 0.250521 0.670833 0.05625 0.0287037 0.404053
159 0.2125 0.474537 0.0541667 0.0342593 0.412842
94 0.854688 0.956944 0.0739583 0.0416667 0.451172
99 0.178646 0.555556 0.0583333 0.0296296 0.466553
65 0.588021 0.814815 0.1375 0.0388889 0.500488
160 0.789323 0.489352 0.0713542 0.0194444 0.505371
21 0.607813 0.425 0.0375 0.0259259 0.531738
150 0.858333 0.475926 0.0625 0.0259259 0.566406
81 0.757812 0.497685 0.128125 0.0231481 0.589844
38 0.669792 0.486574 0.0541667 0.0212963 0.611328
68 0.68125 0.4375 0.078125 0.0212963 0.656738
34 0.632552 0.480093 0.0807292 0.0268519 0.776367
136 0.745052 0.767593 0.0932292 0.0462963 0.79834
142 0.488281 0.488426 0.0703125 0.0268519 0.838867
64 0.841667 0.846759 0.075 0.123148 0.881836
