125 0.327604 0.491204 0.0947917 0.0194444 0.280762
135 0.440365 0.441204 0.0286458 0.025 0.303467
164 0.398958 0.442593 0.0541667 0.0222222 0.311279
44 0.510156 0.382407 0.0515625 0.0259259 0.378906
158 0.622396 0.890741 0.05625 0.0481481 0.483398
127 0.34401 0.298611 0.0411458 0.0453704 0.518066
45 0.650781 0.5125 0.0140625 0.025 0.541992
141 0.309375 0.745833 0.0604167 0.0342593 0.557129
180 0.354688 0.431019 0.025 0.025 0.568848
125 0.327604 0.483333 0.0947917 0.0185185 0.586914
165 0.663542 0.409259 0.04375 0.0296296 0.605469
154 0.74401 0.435185 0.0234375 0.0314815 0.614258
113 0.216667 0.436574 0.0916667 0.0453704 0.616211
167 0.352083 0.302315 0.133333 0.075 0.616699
72 0.74401 0.437037 0.0203125 0.0333333 0.674805
98 0.289062 0.321759 0.0447917 0.0268519 0.679688
18 0.502865 0.660648 0.0390625 0.0287037 0.682129
119 0.709896 0.437963 0.046875 0.0277778 0.702637
183 0.56875 0.387963 0.0614583 0.0407407 0.704102
174 0.483073 0.658333 0.0578125 0.0407407 0.707031
103 0.46224 0.364815 0.0515625 0.0444444 0.707031
59 0.415625 0.325 0.034375 0.0407407 0.721191
9 0.647135 0.410185 0.104687 0.0481481 0.72998
100 0.716146 0.5875 0.0385417 0.0287037 0.738281
12 0.579687 0.627315 0.115625 0.0212963 0.771973
123 0.29401 0.316204 0.0515625 0.0490741 0.785645
88 0.151302 0.484259 0.0755208 0.0259259 0.818848
121 0.540104 0.694444 0.0177083 0.0259259 0.824707
13 0.660156 0.639352 0.0421875 0.0361111 0.834473
173 0.574219 0.580093 0.0776042 0.0305556 0.873535
90 0.770573 0.94537 0.0369792 0.0981481 0.922852
163 0.189844 0.839815 0.0536458 0.0888889 0.932617
35 0.765885 0.722222 0.0453125 0.181481 0.935547
77 0.769271 0.508796 0.0572917 0.221296 0.948242
16 0.766146 0.26713 0.0927083 0.315741 0.958496
