74 0.457292 0.483333 0.0708333 0.0185185 0.415527
137 0.715625 0.897222 0.0145833 0.0277778 0.432373
106 0.40651 0.59537 0.0213542 0.0388889 0.45874
188 0.172656 0.861111 0.0796875 0.0444444 0.501953
146 0.598437 0.707407 0.0447917 0.0444444 0.505371
89 0.115104 0.556944 0.0239583 0.0194444 0.59375
157 0.347135 0.509722 0.0661458 0.025 0.65332
172 0.573438 0.771296 0.0572917 0.0222222 0.713867
186 0.618229 0.474074 0.05625 0.0259259 0.723633
153 0.466406 0.811111 0.0484375 0.0259259 0.742676
49 0.559375 0.472222 0.0333333 0.0277778 0.742676
192 0.329688 0.588889 0.021875 0.0407407 0.756836
30 0.344531 0.740741 0.0192708 0.0444444 0.786133
31 0.388542 0.644907 0.03125 0.0268519 0.793945
115 0.445833 0.762963 0.028125 0.0666667 0.832031
