71 0.79349 0.421296 0.0651042 0.0259259 0.295898
187 0.714844 0.859722 0.0765625 0.0842593 0.331787
108 0.732813 0.431944 0.0479167 0.0194444 0.349365
96 0.641146 0.668981 0.05 0.0305556 0.36377
43 0.780208 0.668519 0.0770833 0.0203704 0.392334
76 0.89375 0.441667 0.053125 0.0240741 0.407959
67 0.828646 0.406481 0.053125 0.0203704 0.444092
114 0.898438 0.376852 0.0489583 0.0259259 0.48877
75 0.642708 0.552778 0.06875 0.0222222 0.508789
54 0.504167 0.593982 0.046875 0.0453704 0.577148
112 0.724219 0.487963 0.0786458 0.0222222 0.577637
86 0.278125 0.490278 0.0395833 0.0194444 0.612305
131 0.336979 0.47963 0.0416667 0.0203704 0.623535
93 0.311198 0.578241 0.0859375 0.037963 0.688965
116 0.663281 0.964815 0.110937 0.0444444 0.846191
102 0.621615 0.872222 0.0401042 0.0685185 0.856445
4 0.578125 0.243981 0.0697917 0.162037 0.892578
19 0.403906 0.620833 0.0546875 0.0453704 0.900879
179 0.63151 0.908796 0.0671875 0.0546296 0.924316
28 0.472656 0.396759 0.0421875 0.0657407 0.928711
134 0.583594 0.582407 0.0286458 0.15 0.936523
69 0.148698 0.482407 0.122396 0.124074 0.941895
111 0.592708 0.94213 0.0375 0.0916667 0.944336
